0
1.244124532
2.488044262
3.731757879
4.975265503
6.218568325
7.461664677
8.704554558
9.947238922
11.18971539
12.43198872
13.67405224
14.91591167
16.15756416
17.3990097
18.64024925
19.88127899
21.12210464
22.3627224
23.60313225
24.84333611
26.08333206
27.32312202
28.56270218
29.80207825
31.04124641
32.28020477
33.51895142
34.75749969
35.99583054
37.23396301
38.47187805
39.70959091
40.94709015
42.18438721
43.42147064
44.65834808
45.89501572
47.13147354
48.36772919
49.60377121
50.83959961
52.07522202
53.31063843
54.54584503
55.78084183
57.015625
58.25020218
59.48456955
60.71872711
61.95267487
63.186409
64.41993713
65.65325928
66.8863678
68.1192627
69.3519516
70.58442688
71.81669617
73.04875946
74.2806015
75.51223755
76.74365234
77.97486877
79.20586395
80.4366684
81.66723633
82.8976059
84.12776184
85.35771179
86.58744049
87.81697083
89.04627991
90.27537537
91.50426483
92.73294067
93.96140289
95.18965912
96.41768646
97.64552307
98.87313843
100.1005325
101.3277283
102.5547028
103.7814713
105.0080185
106.2343597
107.4604874
108.6864014
109.9121017
111.1375885
112.3628616
113.5879211
114.812767
116.0373993
117.2618179
118.4860229
119.710022
120.9337997
122.1573639
123.3807144
124.6038437
125.8267746
127.0494843
128.2719727
129.4942627
130.7163239
131.9381714
133.1598053
134.3812408
135.6024475
136.8234253
138.0441895
139.2647705
140.4851227
141.705246
142.9251556
144.1448669
145.3643494
146.5836182
147.8026733
149.0215302
150.2401428
151.4585419
152.6767426
153.8947144
155.1124878
156.3300171
157.5473328
158.7644501
159.9813538
161.1980286
162.4144897
163.630722
164.846756
166.062561
167.2781677
168.4935455
169.7087097
170.923645
172.138382
173.3528748
174.5671844
175.78125
176.9951019
178.2087402
179.4221802
180.635376
181.8483582
183.0611267
184.2736816
185.4860229
186.6981201
187.9100189
189.1216888
190.3331451
191.5444031
192.7554169
193.9662323
195.1768036
196.3871918
197.5973206
198.807251
200.0169373
201.2264557
202.4357147
203.6447601
204.8535919
206.0622253
207.2705994
208.4787903
209.6867523
210.8944702
212.1019897
213.3092957
214.5163574
215.7232056
216.9298553
218.136261
219.3424683
220.5484467
221.7541962
222.9597473
224.1650543
225.3701477
226.5750275
227.7796631
228.9841156
230.1883087
231.3923187
232.5960693
233.7996216
235.0029449
236.2060547
237.4089355
238.6116028
239.8140411
241.0162659
242.2182617
243.4200439
244.621582
245.8229218
247.0240326
248.2249146
249.4255829
250.6260376
251.8262634
253.0262451
254.2260437
255.4255829
256.6249084
257.8240356
259.0229492
260.2215881
261.4200439
262.6182556
263.8162537
265.0140381
266.2115784
267.408905
268.6059875
269.802887
270.9995728
272.1960144
273.3922119
274.5881653
275.7839355
276.9794922
278.1748047
279.3699036
280.5647888
281.7594299
282.9538574
284.1480103
285.3420105
286.5357666
287.7292786
288.9225769
290.1156311
291.3085022
292.5011292
293.6935425
294.8857117
296.0776367
297.2693481
298.4608765
299.6521606
300.8432312
302.0340271
303.2246094
304.4150085
305.6051636
306.795105
307.9848022
309.1742859
310.3635254
311.5525513
312.741333
313.9299011
315.1182556
316.306366
317.4942627
318.6819458
319.8693848
321.0566101
322.2435913
323.4303284
324.6168823
325.8031921
326.9892578
328.1751404
329.3607483
330.5461731
331.7313232
332.9162598
334.1010132
335.2854919
336.4697266
337.6537781
338.8375854
340.0211792
341.2045288
342.3876648
343.5705566
344.7532349
345.9356689
347.1178894
348.2998657
349.4816895
350.663208
351.8445129
353.0255737
354.2064209
355.3870544
356.5674438
357.7475891
358.9275513
360.1072693
361.2867737
362.4660034
363.6450195
364.823822
366.0023804
367.1807251
368.3588257
369.5367126
370.7143555
371.8917847
373.0689697
374.2459106
375.4226685
376.5991516
377.7754517
378.9514771
380.1272888
381.3028564
382.4782104
383.6533813
384.8282471
386.0029297
387.1773376
388.3515625
389.5255432
390.6993103
391.8728027
393.0460815
394.2191162
395.3919678
396.5645752
397.736908
398.9090576
400.0809631
401.2526245
402.4240723
403.5952759
404.7662659
405.9370117
407.1075134
408.2778015
409.447876
410.6176758
411.7872314
412.956604
414.1257629
415.2946472
416.4632874
417.6317749
418.7999268
419.9678955
421.1356812
422.3031921
423.4704285
424.6374512
425.8042908
426.9708557
428.137207
429.3033142
430.4692078
431.6348267
432.8002625
433.9654236
435.1304321
436.2951355
437.4596252
438.6238708
439.7878723
440.9516907
442.1152344
443.2785645
444.4416199
445.6045227
446.7671204
447.9295044
449.0916443
450.2536011
451.4152832
452.5767212
453.7379761
454.8989563
456.0596924
457.2202148
458.3805237
459.5405884
460.7003784
461.8599854
463.0193176
464.1784363
465.3373413
466.4959717
467.6543884
468.812561
469.97052
471.1282349
472.2857361
473.4429626
474.5999756
475.7567139
476.913269
478.0695801
479.2256775
480.3814697
481.5371094
482.6924744
483.8475952
485.0024719
486.157135
487.3115845
488.4657593
489.6196899
490.7734375
491.9268799
493.0801392
494.2331543
495.3859253
496.5384827
497.6907959
498.8428955
499.9946899
501.1463013
502.2976685
503.4487915
504.5996399
505.7503357
506.9007568
508.0509338
509.2008972
510.3505859
511.500061
512.649292
513.7983398
514.9470215
516.0955811
517.2438965
518.3919067
519.5397949
520.6873169
521.8346558
522.9817505
524.1286621
525.2753296
526.4216919
527.5678101
528.7137451
529.859436
531.0048828
532.1500854
533.295105
534.4397583
535.5842896
536.7285156
537.8725586
539.0163574
540.1599121
541.3031616
542.446228
543.5891113
544.7316895
545.8740845
547.0161743
548.1580811
549.2996826
550.44104
551.5822144
552.7232056
553.8638916
555.0043335
556.1445313
557.2845459
558.4242554
559.5637207
560.7029419
561.842041
562.9807739
564.1193848
565.2576294
566.395752
567.5335693
568.6710815
569.8084717
570.9455566
572.0823975
573.2190552
574.3554688
575.4915771
576.6275024
577.7631836
578.8986206
580.0337524
581.1687012
582.3034058
583.4379272
584.5721436
585.7061157
586.8399048
587.9734497
589.1066895
590.2397461
591.3724976
592.505127
593.6373901
594.7694702
595.9012451
597.0328369
598.1641846
599.2953491
600.4261475
601.5568237
602.6871948
603.8173828
604.9472656
606.0769653
607.2063599
608.3355713
609.4644775
610.5932007
611.7216797
612.8498535
613.9778442
615.1056519
616.2331543
617.3604126
618.4874268
619.6141357
620.7407227
621.8670044
622.993103
624.1188354
625.2444458
626.369751
627.494873
628.6196899
629.7442627
630.8686523
631.9927368
633.1166382
634.2402954
635.3637085
636.4868164
637.6096802
638.7324219
639.8547974
640.9769897
642.098938
643.2206421
644.3421021
645.4632568
646.5842285
647.7050171
648.8254395
649.9456787
651.0657349
652.1854248
653.3049316
654.4242554
655.5432739
656.6620483
657.7805786
658.8988647
660.0169067
661.1347656
662.2523193
663.3696289
664.4868164
665.6036377
666.7202148
667.8366089
668.9526978
670.0685425
671.1841431
672.2995605
673.4147339
674.529541
675.644165
676.758606
677.8728027
678.9866943
680.1004028
681.2138062
682.3270874
683.4399414
684.5526733
685.6651001
686.7773438
687.8892822
689.0010376
690.1124268
691.2237549
692.3347778
693.4454956
694.5559692
695.6661987
696.7762451
697.8860474
698.9955444
700.1047974
701.2139282
702.3226929
703.4312744
704.5395508
705.647583
706.7553711
707.862915
708.9702759
710.0773926
711.1842041
712.2907715
713.3971558
714.5032349
715.6090698
716.7146606
717.8200684
718.9251709
720.0300293
721.1347046
722.2390747
723.3431396
724.4470825
725.5507202
726.6541138
727.7572632
728.8601685
729.9627686
731.0653076
732.1674805
733.2693481
734.3710327
735.4724731
736.5736694
737.6746826
738.7752686
739.8757935
740.9759521
742.0759277
743.1756592
744.2750854
745.3743286
746.4732666
747.5720215
748.6705322
749.7687378
750.8666992
751.9644775
753.0620117
754.1592407
755.2562256
756.3529663
757.4494629
758.5457764
759.6417847
760.7375488
761.8330688
762.9284058
764.0233765
765.1181641
766.2126465
767.3070068
768.401062
769.494812
770.5883789
771.6817017
772.7747192
773.8674927
774.960083
776.0524292
777.1445313
778.2362671
779.3278198
780.4192505
781.5102539
782.6010742
783.6916504
784.7819824
785.8720703
786.9619141
788.0515137
789.1408691
790.2299805
791.3187866
792.4074097
793.4957886
794.5838623
795.6717529
796.7593384
797.8466187
798.9337769
800.0206909
801.1072998
802.1936035
803.2797852
804.3656006
805.4512329
806.5366821
807.6217651
808.706604
809.7913208
810.8756714
811.9597778
813.0436401
814.1273193
815.2106934
816.2938232
817.376709
818.4594116
819.541748
820.6239014
821.7057495
822.7874146
823.8688354
824.9500122
826.0308838
827.1115723
828.1919556
829.2721558
830.3520508
831.4316406
832.5111084
833.59021
834.6691284
835.7478027
836.8261719
837.9043579
838.9822998
840.0599365
841.1373901
842.2145386
843.2914429
844.3681641
845.4445801
846.520752
847.5966187
848.6722412
849.7477417
850.822876
851.8977661
852.9724731
854.046875
855.1210327
856.1950073
857.2686768
858.3421021
859.4152222
860.4881592
861.5608521
862.6332397
863.7053833
864.7773438
865.848999
866.9204102
867.9916382
869.0625
870.1332397
871.2036133
872.2737427
873.34375
874.4133911
875.4828491
876.552002
877.6209106
878.6895752
879.7579346
880.8261719
881.894104
882.961792
884.0291748
885.0963745
886.163269
887.2299194
888.2963257
889.3625488
890.4284058
891.4941406
892.5595093
893.6246948
894.6895752
895.7542114
896.8186646
897.8828125
898.9467163
900.0103149
901.0737915
902.1369629
903.1998901
904.2624512
905.3248901
906.3870239
907.4489746
908.5105591
909.5720215
910.6331177
911.6940308
912.7546387
913.8151245
914.8751831
915.9351196
916.9946899
918.0541382
919.1132813
920.1721802
921.230835
922.2891846
923.34729
924.4052124
925.4628296
926.5202026
927.5773315
928.6342163
929.6907959
930.7471313
931.8033447
932.8591309
933.9147949
934.9702148
936.0252686
937.0801392
938.1347046
939.1891479
940.2431641
941.2970581
942.350647
943.4039917
944.4570923
945.5098877
946.5625
947.6148682
948.6669922
949.718811
950.7703857
951.8217163
952.8727417
953.923645
954.9741211
956.0244751
957.074585
958.1243286
959.1739502
960.2232666
961.2723389
962.321167
963.3696289
964.4179688
965.4660645
966.513855
967.5614014
968.6087036
969.6557617
970.7025146
971.7490845
972.7953491
973.8413086
974.887146
975.9327393
976.9779053
978.0229492
979.067749
980.1122437
981.1565552
982.2005005
983.2442627
984.2877808
985.3310547
986.3740234
987.4168091
988.4592285
989.5015259
990.5435181
991.5852051
992.626709
993.6679688
994.7089233
995.7496338
996.7901611
997.8302612
998.8702393
999.9099731
1000.949463
1001.988647
1003.027588
1004.066345
1005.104736
1006.142883
1007.180908
1008.218567
1009.255981
1010.293213
1011.330078
1012.36676
1013.403137
1014.439331
1015.47522
1016.510925
1017.546326
1018.581421
1019.616333
1020.651001
1021.685364
1022.719482
1023.753418
1024.787109
1025.820435
1026.853638
1027.886353
1028.918945
1029.951294
1030.983398
1032.015259
1033.046997
1034.078369
1035.109375
1036.140137
1037.170776
1038.20105
1039.231201
1040.260986
1041.290649
1042.319946
1043.348999
1044.377686
1045.40625
1046.43457
1047.462646
1048.490479
1049.518066
1050.545288
1051.572388
1052.599121
1053.62561
1054.651855
1055.677856
1056.703613
1057.729126
1058.754395
1059.779419
1060.804199
1061.828613
1062.852905
1063.876831
1064.900513
1065.924072
1066.947266
1067.970215
1068.99292
1070.015381
1071.037598
1072.05957
1073.081299
1074.102661
1075.123779
1076.144775
1077.165405
1078.185791
1079.206055
1080.225952
1081.245605
1082.265015
1083.28418
1084.303101
1085.321777
1086.340088
1087.358154
1088.375977
1089.393677
1090.411011
1091.428101
1092.445068
1093.46167
1094.478027
1095.494141
1096.509888
1097.525513
1098.540894
1099.555908
1100.570801
1101.585327
1102.599487
1103.613647
1104.627441
1105.640991
1106.654297
1107.667358
1108.680054
1109.692627
1110.704956
1111.716919
1112.72876
1113.740234
1114.751465
1115.762451
1116.773193
1117.783691
1118.794067
1119.803955
1120.813721
1121.823242
1122.832275
1123.841187
1124.849976
1125.858521
1126.866577
1127.874512
1128.882202
1129.889648
1130.896851
1131.903809
1132.910522
1133.91687
1134.922974
1135.928955
1136.934692
1137.939941
1138.94519
1139.950073
1140.954712
1141.958984
1142.963135
1143.966919
1144.970581
1145.973999
1146.977051
1147.979858
1148.982544
1149.984741
1150.986816
1151.988647
1152.990234
1153.991577
1154.992554
1155.993408
1156.994019
1157.994263
1158.994263
1159.994019
1160.99353
1161.99292
1162.991943
1163.990723
1164.989136
1165.987427
1166.985352
1167.983032
1168.980591
1169.977783
1170.974854
1171.971436
1172.967896
1173.964111
1174.960083
1175.955688
1176.951294
1177.946411
1178.941284
1179.935913
1180.93042
1181.924561
1182.918457
1183.911987
1184.905518
1185.898682
1186.891479
1187.884155
1188.876465
1189.868652
1190.860474
1191.852051
1192.843384
1193.834473
1194.825317
1195.815918
1196.806152
1197.796265
1198.786255
1199.775757
1200.765137
1201.75415
1202.743042
1203.731445
1204.719727
1205.707764
1206.695435
1207.683105
1208.670288
1209.657349
1210.644165
1211.630615
1212.616821
1213.602783
1214.588501
1215.573853
1216.559204
1217.544067
1218.528931
1219.513428
1220.497559
1221.481445
1222.46521
1223.448608
1224.431763
1225.414673
1226.397339
1227.379761
1228.361938
1229.34375
1230.325439
1231.306763
1232.287964
1233.268921
1234.249512
1235.229858
1236.209961
1237.189819
1238.169312
1239.148804
1240.127808
1241.106689
1242.085205
1243.063477
1244.041626
1245.019409
1245.99707
1246.974365
1247.951416
1248.928101
1249.904663
1250.880981
1251.856934
1252.832764
1253.808228
1254.783447
1255.758545
1256.733154
1257.707642
1258.681885
1259.656006
1260.629639
1261.603027
1262.576294
1263.549194
1264.521851
1265.494507
1266.466675
1267.438477
1268.410156
1269.381592
1270.352783
1271.323608
1272.294312
1273.264771
1274.234863
1275.204834
1276.174438
1277.143799
1278.112915
1279.081665
1280.050293
1281.018677
1281.986816
1282.954712
1283.922363
1284.889648
1285.856689
1286.823486
1287.790039
1288.756348
1289.722534
1290.688232
1291.653809
1292.619019
1293.584106
1294.548828
1295.513428
1296.477783
1297.44165
1298.405518
1299.368896
1300.332153
1301.295166
1302.257935
1303.220459
1304.182617
1305.144653
1306.106323
1307.067749
1308.028931
1308.98999
1309.950684
1310.911133
1311.871216
1312.831177
1313.790771
1314.750244
1315.709473
1316.668335
1317.626953
1318.585327
1319.543579
1320.501343
1321.459106
1322.416382
1323.373535
1324.330444
1325.286987
1326.243408
1327.199585
1328.155396
1329.11084
1330.066162
1331.02124
1331.976074
1332.930786
1333.88501
1334.838989
1335.792847
1336.746338
1337.699829
1338.652832
1339.605469
1340.557983
1341.510132
1342.462402
1343.414063
1344.365601
1345.316772
1346.2677
1347.218506
1348.169067
1349.119263
1350.069214
1351.018799
1351.968384
1352.917603
1353.866455
1354.815308
1355.763672
1356.711914
1357.65979
1358.607544
1359.554932
1360.502075
1361.448975
1362.39563
1363.342041
1364.288208
1365.234131
1366.17981
1367.125122
1368.070313
1369.015137
1369.959595
1370.904175
1371.848267
1372.792114
1373.735596
1374.679077
1375.62207
1376.564941
1377.507446
1378.449951
1379.391968
1380.33374
1381.275269
1382.216553
1383.157715
1384.098389
1385.03894
1385.979248
1386.919434
1387.859009
1388.798584
1389.737793
1390.677002
1391.615723
1392.554077
1393.49231
1394.43042
1395.368164
1396.305542
1397.242798
1398.179932
1399.116577
1400.052979
1400.989136
1401.925293
1402.860962
1403.796265
1404.731567
1405.666504
1406.601074
1407.535645
1408.469727
1409.403687
1410.337402
1411.270752
1412.203857
1413.136841
1414.06958
1415.001953
1415.93396
1416.865967
1417.797485
1418.728882
1419.660156
1420.591064
1421.521606
1422.451904
1423.38208
1424.31189
1425.241455
1426.170898
1427.099976
1428.028809
1428.957397
1429.885742
1430.813721
1431.741577
1432.669189
1433.596558
1434.52356
1435.450317
1436.376953
1437.303223
1438.229248
1439.155151
1440.080688
1441.005859
1441.930908
1442.855713
1443.780151
1444.704346
1445.62854
1446.552246
1447.475708
1448.39917
1449.322021
1450.244629
1451.167114
1452.0896
1453.011475
1453.933105
1454.854614
1455.775879
1456.696899
1457.617554
1458.538086
1459.458252
1460.378296
1461.297974
1462.217285
1463.136719
1464.055542
1464.974243
1465.8927
1466.810913
1467.72876
1468.646606
1469.563965
1470.481079
1471.398071
1472.314575
1473.231079
1474.147217
1475.06311
1475.978638
1476.894165
1477.809326
1478.724121
1479.638794
1480.553101
1481.467285
1482.381226
1483.294922
1484.20813
1485.121338
1486.03418
1486.946777
1487.859253
1488.77124
1489.682983
1490.594849
1491.506104
1492.417114
1493.328003
1494.238525
1495.148926
1496.059082
1496.968872
1497.878418
1498.78772
1499.696777
1500.605713
1501.514282
1502.422607
1503.330566
1504.238403
1505.145874
1506.053345
1506.960327
1507.867188
1508.773804
1509.679932
1510.58606
1511.491821
1512.397217
1513.302612
1514.207764
1515.112549
1516.016968
1516.921143
1517.825317
1518.729126
1519.632568
1520.535889
1521.438843
1522.341675
1523.244263
1524.146362
1525.048462
1525.950195
1526.851685
1527.75293
1528.653931
1529.554688
1530.4552
1531.355469
1532.255493
1533.155151
1534.054688
1534.953857
1535.853027
1536.751709
1537.650146
1538.548462
1539.446289
1540.344116
1541.241577
1542.138672
1543.035767
1543.932495
1544.828857
1545.725098
1546.621094
1547.516846
1548.412231
1549.307617
1550.202393
1551.09729
1551.991699
1552.885864
1553.779907
1554.673584
1555.567017
1556.460083
1557.353271
1558.245728
1559.138184
1560.030518
1560.922363
1561.814209
1562.705566
1563.596924
1564.487671
1565.378418
1566.268799
1567.159058
1568.049072
1568.938721
1569.828125
1570.717285
1571.606323
1572.494873
1573.383301
1574.271606
1575.159546
1576.047241
1576.934692
1577.821899
1578.70874
1579.595459
1580.481812
1581.36792
1582.254028
1583.139648
1584.025146
1584.910156
1585.795288
1586.67981
1587.564453
1588.448486
1589.33252
1590.216064
1591.099487
1591.982788
1592.865601
1593.748291
1594.630737
1595.513062
1596.394897
1597.276733
1598.158081
1599.039307
1599.920044
1600.800903
1601.681152
1602.561523
1603.441406
1604.321167
1605.200439
1606.079712
1606.958618
1607.837402
1608.71582
1609.593872
1610.471802
1611.349487
1612.227051
1613.104126
1613.981079
1614.857788
1615.734375
1616.610352
1617.486328
1618.361938
1619.237549
1620.112671
1620.987671
1621.862305
1622.736938
1623.611084
1624.485107
1625.358643
1626.232178
1627.105225
1627.978271
1628.851074
1629.723389
1630.595581
1631.467773
1632.339355
1633.210815
1634.082031
1634.953003
1635.823853
1636.694214
1637.564453
1638.434448
1639.304077
1640.173584
1641.042969
1641.911743
1642.78064
1643.649048
1644.517334
1645.385376
1646.253052
1647.120605
1647.987793
1648.854736
1649.721558
1650.587891
1651.454346
1652.32019
1653.186157
1654.051636
1654.916748
1655.78186
1656.646606
1657.51123
1658.375366
1659.239502
1660.103149
1660.966797
1661.829956
1662.692993
1663.55603
1664.418335
1665.280762
1666.1427
1667.004517
1667.866089
1668.727417
1669.588501
1670.449219
1671.309814
1672.170166
1673.030273
1673.890137
1674.749756
1675.608887
1676.46814
1677.326782
1678.185425
1679.043945
1679.901855
1680.759766
1681.617432
1682.474731
1683.331787
1684.188721
1685.04541
1685.901733
1686.757813
1687.613647
1688.469482
1689.324707
1690.17981
1691.03479
1691.889526
1692.743896
1693.598022
1694.451904
1695.305542
1696.158936
1697.012207
1697.865112
1698.717773
1699.57019
1700.422485
1701.274414
1702.126099
1702.977539
1703.828735
1704.679688
1705.530518
1706.380859
1707.231201
1708.081055
1708.930908
1709.780396
1710.629517
1711.478638
1712.327271
1713.175781
1714.024048
1714.87207
1715.719971
1716.567505
1717.414795
1718.261841
1719.108521
1719.9552
1720.80127
1721.647461
1722.493286
1723.338745
1724.184204
1725.029297
1725.874146
1726.71875
1727.56311
1728.407227
1729.251099
1730.094604
1730.93811
1731.781006
1732.624023
1733.466797
1734.309082
1735.151245
1735.993164
1736.834717
1737.67627
1738.517456
1739.358398
1740.198975
1741.039429
1741.879639
1742.719727
1743.559326
1744.398926
1745.238159
1746.077026
1746.915771
1747.754272
1748.592651
1749.430542
1750.268433
1751.105957
1751.943237
1752.780151
1753.616943
1754.453613
1755.289917
1756.125977
1756.961914
1757.797363
1758.63269
1759.467896
1760.302612
1761.137329
1761.97168
1762.805664
1763.639648
1764.473389
1765.306763
1766.139893
1766.9729
1767.80542
1768.637939
1769.470215
1770.302002
1771.133789
1771.96521
1772.796387
1773.627441
1774.458252
1775.288696
1776.118896
1776.948975
1777.778564
1778.608154
1779.4375
1780.266479
1781.095337
1781.92395
1782.752319
1783.580322
1784.408081
1785.23584
1786.062988
1786.890259
1787.717163
1788.543701
1789.370239
1790.196289
1791.022217
1791.8479
1792.67334
1793.498535
1794.323486
1795.148193
1795.972656
1796.796875
1797.62085
1798.44458
1799.268066
1800.091309
1800.914429
1801.737183
1802.559692
1803.381958
1804.204102
1805.025757
1805.847534
1806.668823
1807.48999
1808.310791
1809.13147
1809.951904
1810.771973
1811.591797
1812.411499
1813.230957
1814.050171
1814.869141
1815.687866
1816.506226
1817.324463
1818.142456
1818.960327
1819.77771
1820.594971
1821.411987
1822.228882
1823.045288
1823.861694
1824.677856
1825.49353
1826.309204
1827.124512
1827.939697
1828.754517
1829.569336
1830.383667
1831.197876
1832.011719
1832.825439
1833.638916
1834.452148
1835.265015
1836.077759
1836.890259
1837.702637
1838.514526
1839.326416
1840.137939
1840.949219
1841.760376
1842.571289
1843.381714
1844.192261
1845.002197
1845.812134
1846.621826
1847.431274
1848.240234
1849.049316
1849.858154
1850.666504
1851.474731
1852.282715
1853.090454
1853.897949
1854.705322
1855.512207
1856.319092
1857.125732
1857.932007
1858.738159
1859.543945
1860.349487
1861.154907
1861.960083
1862.765015
1863.569702
1864.374146
1865.178467
1865.9823
1866.786011
1867.5896
1868.392822
1869.195923
1869.998535
1870.801147
1871.603394
1872.405518
1873.20752
1874.008911
1874.810425
1875.611572
1876.412476
1877.213135
1878.013428
1878.813721
1879.613647
1880.413574
1881.212891
1882.012085
1882.811157
1883.609985
1884.408569
1885.206787
1886.004883
1886.802734
1887.600464
1888.397705
1889.194946
1889.991821
1890.788452
1891.584961
1892.381226
1893.177124
1893.9729
1894.768311
1895.563599
1896.358765
1897.153564
1897.94812
1898.742432
1899.536499
1900.330322
1901.124023
1901.91748
1902.710571
1903.503418
1904.296143
1905.088745
1905.880981
1906.672974
1907.4646
1908.256226
1909.047607
1909.838623
1910.629517
1911.420166
1912.210449
1913.000488
1913.790405
1914.5802
1915.369629
1916.158936
1916.947754
1917.736572
1918.525024
1919.313232
1920.101318
1920.88916
1921.67688
1922.464111
1923.251221
1924.038086
1924.824707
1925.611206
1926.397461
1927.183472
1927.968994
1928.754517
1929.539917
1930.324951
1931.109741
1931.894287
1932.678589
1933.462769
1934.246582
1935.030273
1935.813721
1936.596924
1937.379883
1938.162598
1938.944946
1939.727417
1940.509277
1941.291138
1942.072754
1942.854126
1943.635254
1944.416138
1945.196655
1945.977173
1946.757446
1947.537354
1948.317017
1949.096558
1949.875854
1950.654907
1951.433716
1952.21228
1952.990723
1953.768799
1954.546753
1955.324463
1956.101807
1956.879028
1957.656006
1958.432617
1959.209229
1959.985474
1960.761597
1961.537354
1962.31311
1963.088501
1963.863647
1964.63855
1965.41333
1966.187622
1966.961914
1967.73584
1968.509644
1969.283203
1970.056641
1970.829712
1971.602539
1972.375244
1973.147705
1973.9198
1974.69165
1975.463379
1976.234985
1977.006226
1977.777222
1978.548096
1979.318726
1980.089111
1980.859375
1981.62915
1982.398804
1983.168213
1983.9375
1984.706421
1985.475342
1986.243774
1987.012085
1987.780273
1988.548218
1989.315796
1990.083252
1990.850464
1991.617432
1992.384155
1993.150635
1993.91687
1994.682983
1995.448853
1996.214355
1996.979736
1997.744873
1998.509888
1999.274658
2000.039185
2000.803345
2001.567505
2002.331299
2003.094849
2003.858276
2004.621338
2005.384277
2006.146851
2006.90918
2007.671631
2008.433472
2009.195313
2009.956909
2010.718262
2011.47937
2012.240356
2013.000977
2013.761475
2014.521606
2015.281616
2016.041382
2016.800903
2017.560181
2018.319336
2019.078247
2019.836792
2020.595337
2021.353516
2022.11145
2022.869263
2023.626831
2024.384155
2025.141113
2025.897827
2026.654663
2027.411011
2028.167236
2028.923096
2029.678955
2030.434448
2031.189697
2031.944946
2032.699829
2033.454346
2034.20874
2034.962891
2035.717041
2036.470703
2037.224243
2037.977539
2038.730591
2039.483521
2040.236084
2040.988647
2041.740845
2042.492798
2043.244507
2043.996094
2044.747437
2045.498535
2046.24939
2047
